1,1,122.84,334.4,133.85999999999999,58.5,1,1,1.0
1,2,734.0,265.96,71.5,38.14000000000004,1,1,1.0
1,3,207.62,250.38,96.69,40.389999999999986,1,1,1.0
2,1,99.1,338.0,133.86,58.5,1,1,1.0
2,2,720.1,269.1,71.69999999999993,36.5,1,1,1.0
2,3,207.62,250.38,96.69,40.389999999999986,1,1,1.0
3,1,72.9,341.4,138.0,59.700000000000045,1,1,1.0
3,2,707.02,271.17,71.98000000000002,36.5,1,1,1.0
3,3,207.62,250.38,96.69,40.389999999999986,1,1,1.0
4,1,48.2,343.6,142.8,63.299999999999955,1,1,1.0
4,2,693.34,272.8,74.65999999999997,38.19,1,1,1.0
4,3,207.62,250.38,96.69,40.389999999999986,1,1,1.0
5,1,22.9,347.3,145.1,64.19999999999999,1,1,1.0
5,2,678.83,275.91,74.65999999999997,38.19,1,1,1.0
5,3,207.62,250.38,96.69,40.389999999999986,1,1,1.0
6,1,0.0,351.3,145.9,65.0,1,1,1.0
6,2,664.9,275.2,77.89999999999998,39.47000000000003,1,1,1.0
6,3,207.62,250.38,96.69,40.389999999999986,1,1,1.0
7,1,0.3,354.6,123.8,68.19999999999999,1,1,1.0
7,2,650.13,278.1,78.26999999999998,41.70999999999998,1,1,1.0
7,3,207.62,250.38,96.69,40.389999999999986,1,1,1.0
8,1,0.0,357.9,99.6,69.80000000000001,1,1,1.0
8,2,635.7,279.06,79.53999999999996,42.04000000000002,1,1,1.0
8,3,207.62,250.38,96.69,40.389999999999986,1,1,1.0
9,1,0.0,363.5,73.5,58.0,1,1,1.0
9,2,621.6,280.0,80.5,45.60000000000002,1,1,1.0
9,3,207.62,250.38,96.69,40.389999999999986,1,1,1.0
10,1,0.0,369.9,49.3,54.30000000000001,1,1,1.0
10,2,605.23,281.28,81.76999999999998,45.60000000000002,1,1,1.0
10,3,207.62,250.38,96.69,40.389999999999986,1,1,1.0
11,1,0.0,369.9,24.8,58.700000000000045,1,1,1.0
11,2,590.46,284.49,84.03999999999996,45.599999999999966,1,1,1.0
11,3,207.62,250.38,96.69,40.389999999999986,1,1,1.0
12,2,573.77,284.82,88.83000000000004,45.60000000000002,1,1,1.0
12,3,207.62,250.38,96.69,40.389999999999986,1,1,1.0
13,2,558.04,287.7,88.83000000000004,45.60000000000002,1,1,1.0
13,3,207.62,250.38,96.69,40.389999999999986,1,1,1.0
14,2,542.95,290.59,88.82999999999993,45.60000000000002,1,1,1.0
14,3,207.62,250.38,96.69,40.389999999999986,1,1,1.0
15,2,526.9,292.52,88.83000000000004,45.60000000000002,1,1,1.0
15,3,207.62,250.38,96.69,40.389999999999986,1,1,1.0
16,2,512.14,297.01,88.83000000000004,45.60000000000002,1,1,1.0
16,3,207.62,250.38,96.69,40.389999999999986,1,1,1.0
17,2,493.52,298.6,93.27999999999997,47.21999999999997,1,1,1.0
17,3,207.62,250.38,96.69,40.389999999999986,1,1,1.0
18,2,472.66,300.2,97.44,49.79000000000002,1,1,1.0
18,3,207.62,250.38,96.69,40.389999999999986,1,1,1.0
19,2,457.89,302.8,96.50999999999999,50.72999999999996,1,1,1.0
19,3,207.62,250.38,96.69,40.389999999999986,1,1,1.0
20,2,439.41,305.88,96.50999999999993,50.73000000000002,1,1,1.0
20,3,207.62,250.38,96.69,40.389999999999986,1,1,1.0
21,2,424.77,308.19,96.50999999999999,50.73000000000002,1,1,1.0
21,3,207.62,250.38,96.69,40.389999999999986,1,1,1.0
22,2,407.83,311.27,96.50999999999999,50.73000000000002,1,1,1.0
22,3,207.62,250.38,96.69,40.389999999999986,1,1,1.0
23,2,388.58,314.4,101.92000000000002,51.450000000000045,1,1,1.0
23,3,207.62,250.38,96.69,40.389999999999986,1,1,1.0
24,2,366.24,318.3,107.36000000000001,54.47999999999996,1,1,1.0
24,3,207.62,250.38,96.69,40.389999999999986,1,1,1.0
25,2,347.76,321.4,109.63999999999999,57.54000000000002,1,1,1.0
25,3,207.62,250.38,96.69,40.389999999999986,1,1,1.0
26,2,329.28,323.71,109.64000000000004,57.54000000000002,1,1,1.0
26,3,207.62,250.38,96.69,40.389999999999986,1,1,1.0
27,2,307.71,327.6,113.49000000000001,59.81,1,1,1.0
27,3,207.62,250.38,96.69,40.389999999999986,1,1,1.0
28,2,287.69,329.9,113.50999999999999,59.82000000000005,1,1,1.0
28,3,207.62,250.38,96.69,40.389999999999986,1,1,1.0
29,2,266.89,331.4,117.41000000000003,62.170000000000016,1,1,1.0
29,3,207.62,250.38,96.69,40.389999999999986,1,1,1.0
30,2,245.33,336.0,120.47,63.74000000000001,1,1,1.0
30,3,207.62,250.38,96.69,40.389999999999986,1,1,1.0
31,2,224.53,337.54,120.47999999999999,63.73999999999995,1,1,1.0
31,3,207.62,250.38,96.69,40.389999999999986,1,1,1.0
32,2,199.89,345.2,125.11000000000001,64.55000000000001,1,1,1.0
32,3,207.62,250.38,96.69,40.389999999999986,1,1,1.0
33,2,176.01,348.3,128.19,65.30000000000001,1,1,1.0
33,3,207.62,250.38,96.69,40.389999999999986,1,1,1.0
34,2,152.14,350.6,134.36,66.84999999999997,1,1,1.0
34,3,207.62,250.38,96.69,40.389999999999986,1,1,1.0
35,2,127.49,356.0,138.20999999999998,70.69,1,1,1.0
35,3,207.62,250.38,96.69,40.389999999999986,1,1,1.0
36,2,98.23,360.6,147.46999999999997,72.25,1,1,1.0
36,3,207.62,250.38,96.69,40.389999999999986,1,1,1.0
37,2,74.35,363.68,147.48000000000002,72.25,1,1,1.0
37,3,207.62,250.38,96.69,40.389999999999986,1,1,1.0
38,2,45.86,369.1,152.83999999999997,76.84999999999997,1,1,1.0
38,3,207.62,250.38,96.69,40.389999999999986,1,1,1.0
39,2,15.56,372.7,157.34,79.48000000000002,1,1,1.0
39,3,207.62,250.38,96.69,40.389999999999986,1,1,1.0
40,2,0.0,377.2,152.4,79.44,1,1,1.0
40,3,207.62,250.38,96.69,40.389999999999986,1,1,1.0
41,2,0.0,381.7,127.4,79.40000000000003,1,1,1.0
41,3,207.62,250.38,96.69,40.389999999999986,1,1,1.0
42,2,0.0,383.5,101.6,83.80000000000001,1,1,1.0
42,3,207.62,250.38,96.69,40.389999999999986,1,1,1.0
43,2,0.0,388.8,77.5,78.5,1,1,1.0
43,3,207.62,250.38,96.69,40.389999999999986,1,1,1.0
44,2,0.0,397.7,49.0,69.60000000000002,1,1,1.0
44,3,207.62,250.38,96.69,40.389999999999986,1,1,1.0
45,2,0.0,400.4,27.6,66.90000000000003,1,1,1.0
45,3,207.62,250.38,96.69,40.389999999999986,1,1,1.0
46,3,207.62,250.38,96.69,40.389999999999986,1,1,1.0
47,3,207.62,250.38,96.69,40.389999999999986,1,1,1.0
48,3,207.62,250.38,96.69,40.389999999999986,1,1,1.0
49,3,207.62,250.38,96.69,40.389999999999986,1,1,1.0
50,3,207.62,250.38,96.69,40.389999999999986,1,1,1.0
51,4,949.1,222.1,10.899999999999977,58.400000000000006,1,1,1.0
51,3,207.62,250.38,96.69,40.389999999999986,1,1,1.0
52,4,944.4,222.1,15.600000000000023,58.79999999999998,1,1,1.0
52,3,207.62,250.38,96.69,40.389999999999986,1,1,1.0
53,4,939.2,222.1,20.799999999999955,60.50000000000003,1,1,1.0
53,3,207.62,250.38,96.69,40.389999999999986,1,1,1.0
54,4,934.9,222.1,25.100000000000023,63.50000000000003,1,1,1.0
54,3,207.62,250.38,96.69,40.389999999999986,1,1,1.0
55,4,931.9,222.1,28.100000000000023,65.20000000000002,1,1,1.0
55,3,207.62,250.38,96.69,40.389999999999986,1,1,1.0
56,4,926.3,222.1,33.700000000000045,67.29999999999998,1,1,1.0
56,3,207.62,250.38,96.69,40.389999999999986,1,1,1.0
57,4,923.7,222.1,36.299999999999955,69.00000000000003,1,1,1.0
57,3,207.62,250.38,96.69,40.389999999999986,1,1,1.0
58,4,917.7,222.1,42.299999999999955,66.9,1,1,1.0
58,3,207.62,250.38,96.69,40.389999999999986,1,1,1.0
59,4,912.1,222.1,47.89999999999998,68.20000000000002,1,1,1.0
59,3,207.62,250.38,96.69,40.389999999999986,1,1,1.0
60,4,907.8,223.8,52.200000000000045,69.50999999999999,1,1,1.0
60,3,207.62,250.38,96.69,40.389999999999986,1,1,1.0
61,4,902.6,223.8,57.39999999999998,70.80000000000001,1,1,1.0
61,3,207.62,250.38,96.69,40.389999999999986,1,1,1.0
62,4,897.0,223.8,63.0,72.09999999999997,1,1,1.0
62,3,207.62,250.38,96.69,40.389999999999986,1,1,1.0
63,4,890.1,223.8,69.89999999999998,74.19999999999999,1,1,1.0
63,3,207.62,250.38,96.69,40.389999999999986,1,1,1.0
64,4,884.1,223.8,75.89999999999998,76.80000000000001,1,1,1.0
64,3,207.62,250.38,96.69,40.389999999999986,1,1,1.0
65,4,879.4,223.8,80.60000000000002,79.39999999999998,1,1,1.0
65,3,207.62,250.38,96.69,40.389999999999986,1,1,1.0
66,4,871.2,223.8,88.79999999999995,83.30000000000001,1,1,1.0
66,3,207.62,250.38,96.69,40.389999999999986,1,1,1.0
67,4,865.2,226.4,94.79999999999995,81.6,1,1,1.0
67,3,207.62,250.38,96.69,40.389999999999986,1,1,1.0
68,4,860.86,226.4,99.13999999999999,82.84,1,1,1.0
68,3,207.62,250.38,96.69,40.389999999999986,1,1,1.0
69,4,855.3,226.4,104.70000000000005,82.79999999999998,1,1,1.0
69,3,207.62,250.38,96.69,40.389999999999986,1,1,1.0
70,4,846.7,226.4,113.29999999999995,84.99999999999997,1,1,1.0
70,3,207.62,250.38,96.69,40.389999999999986,1,1,1.0
71,4,839.4,226.4,120.60000000000002,87.1,1,1,1.0
71,3,207.62,250.38,96.69,40.389999999999986,1,1,1.0
72,4,833.4,228.5,126.60000000000002,84.10000000000002,1,1,1.0
72,3,207.62,250.38,96.69,40.389999999999986,1,1,1.0
73,4,824.4,229.4,135.60000000000002,88.29999999999998,1,1,1.0
73,5,821.74,251.07,19.25999999999999,31.090000000000032,1,1,1.0
73,3,207.62,250.38,96.69,40.389999999999986,1,1,1.0
74,4,816.7,229.4,143.29999999999995,88.29999999999998,1,1,1.0
74,5,816.15,251.69,19.25,31.089999999999975,1,1,1.0
74,3,207.62,250.38,96.69,40.389999999999986,1,1,1.0
75,4,809.0,230.7,151.0,88.69999999999999,1,1,1.0
75,5,807.44,252.52,19.25999999999999,31.090000000000003,1,1,1.0
75,3,207.62,250.38,96.69,40.389999999999986,1,1,1.0
76,4,801.3,232.4,158.70000000000005,88.70000000000002,1,1,1.0
76,5,797.91,254.18,19.25,31.089999999999975,1,1,1.0
76,3,207.62,250.38,96.69,40.389999999999986,1,1,1.0
77,4,794.0,232.4,166.0,91.29999999999998,1,1,1.0
77,5,789.0,255.63,19.25,31.090000000000032,1,1,1.0
77,3,207.62,250.38,96.69,40.389999999999986,1,1,1.0
78,4,784.1,232.4,173.79999999999995,94.29999999999998,1,1,1.0
78,5,779.88,256.67,19.25,31.079999999999984,1,1,1.0
78,3,207.62,250.38,96.69,40.389999999999986,1,1,1.0
79,4,780.2,235.0,173.79999999999995,92.5,1,1,1.0
79,5,771.18,257.7,20.920000000000073,31.30000000000001,1,1,1.0
79,6,937.7,235.15,22.219999999999914,32.46000000000001,1,1,0.0
79,3,207.62,250.38,96.69,40.389999999999986,1,1,1.0
80,4,770.79,235.43,174.62,92.95999999999998,1,1,1.0
80,5,759.57,258.9,25.229999999999905,32.170000000000016,1,1,1.0
80,6,931.9,236.26,23.300000000000068,32.460000000000036,1,1,0.0
80,3,207.62,250.38,96.69,40.389999999999986,1,1,1.0
81,4,762.2,237.6,178.5,92.51000000000002,1,1,1.0
81,5,749.21,258.7,26.889999999999986,32.78000000000003,1,1,1.0
81,6,924.7,236.26,27.17999999999995,32.460000000000036,1,1,0.0
81,3,207.62,250.38,96.69,40.389999999999986,1,1,1.0
82,4,761.61,236.31,174.56999999999994,97.19,1,1,1.0
82,5,740.71,259.3,28.089999999999918,33.629999999999995,1,1,0.0
82,6,920.0,236.81,25.200000000000045,33.589999999999975,1,1,0.0
82,3,207.62,250.38,96.69,40.389999999999986,1,1,1.0
83,4,751.9,238.5,176.76999999999998,95.43,1,1,1.0
83,5,730.48,259.58,30.230000000000018,34.14000000000004,1,1,0.0
83,6,912.52,239.03,26.039999999999964,32.46000000000001,1,1,0.0
83,3,207.62,250.38,96.69,40.389999999999986,1,1,1.0
84,4,743.05,240.62,181.0200000000001,96.70999999999998,1,1,1.0
84,5,719.66,261.25,30.230000000000018,34.139999999999986,1,1,0.0
84,6,903.9,240.98,29.940000000000055,32.46000000000001,1,1,0.0
84,3,207.62,250.38,96.69,40.389999999999986,1,1,1.0
85,4,733.9,239.79,184.01999999999998,100.10999999999999,1,1,1.0
85,5,710.22,261.52,30.24000000000001,34.14000000000004,1,1,0.0
85,6,895.6,240.14,31.860000000000014,32.460000000000036,1,1,0.0
85,3,207.62,250.38,96.69,40.389999999999986,1,1,1.0
86,4,724.5,240.65,187.40999999999997,98.85,1,1,1.0
86,5,699.68,261.25,30.230000000000018,34.139999999999986,1,1,0.0
86,6,890.88,241.25,31.860000000000014,32.45999999999998,1,1,0.0
86,3,207.62,250.38,96.69,40.389999999999986,1,1,1.0
87,4,714.6,240.65,189.56999999999994,99.74999999999997,1,1,1.0
87,5,687.8,262.08,34.620000000000005,34.14000000000004,1,1,0.0
87,6,884.5,241.81,31.860000000000014,32.45999999999998,1,1,0.0
87,3,207.62,250.38,96.69,40.389999999999986,1,1,1.0
88,4,705.6,243.23,192.99,101.07000000000002,1,1,1.0
88,5,675.6,262.63,37.66999999999996,34.139999999999986,1,1,0.0
88,6,876.46,243.2,31.860000000000014,32.460000000000036,1,1,0.0
88,3,207.62,250.38,96.69,40.389999999999986,1,1,1.0
89,4,694.4,243.7,198.60000000000002,103.60000000000002,1,1,1.0
89,5,665.61,263.74,37.66999999999996,34.139999999999986,1,1,0.0
89,6,872.29,243.47,31.870000000000005,32.46000000000001,1,1,0.0
89,3,207.62,250.38,96.69,40.389999999999986,1,1,1.0
90,4,683.7,245.4,202.89999999999998,105.79999999999998,1,1,1.0
90,5,651.9,263.37,39.870000000000005,34.139999999999986,1,1,0.0
90,6,864.8,245.14,31.860000000000014,32.460000000000036,1,1,0.0
90,3,207.62,250.38,96.69,40.389999999999986,1,1,1.0
91,4,675.1,247.5,206.29999999999995,105.0,1,1,1.0
91,5,639.3,264.86,45.04000000000008,34.139999999999986,1,1,0.0
91,6,857.59,245.14,31.860000000000014,32.460000000000036,1,1,0.0
91,3,207.62,250.38,96.69,40.389999999999986,1,1,1.0
92,4,665.2,250.5,208.0,105.0,1,1,1.0
92,5,629.27,264.86,45.039999999999964,34.139999999999986,1,1,0.0
92,6,831.8,244.28,49.06000000000006,32.46000000000001,1,1,0.0
92,3,207.62,250.38,96.69,40.389999999999986,1,1,1.0
93,4,654.04,248.0,211.5,109.19999999999999,1,1,1.0
93,5,614.42,267.46,45.030000000000086,34.14000000000004,1,1,0.0
93,6,827.07,246.0,49.059999999999945,32.45999999999998,1,1,0.0
93,3,207.62,250.38,96.69,40.389999999999986,1,1,1.0
94,4,642.4,249.7,216.70000000000005,108.80000000000001,1,1,1.0
94,5,604.39,266.3,74.40999999999997,36.039999999999964,1,1,0.0
94,6,817.62,247.72,49.049999999999955,32.46000000000001,1,1,0.0
94,3,207.62,250.38,96.69,40.389999999999986,1,1,1.0
95,4,632.5,250.53,218.39,110.07000000000002,1,1,1.0
95,5,591.02,267.41,74.40999999999997,36.039999999999964,1,1,0.0
95,6,812.03,247.72,49.06000000000006,32.46000000000001,1,1,0.0
95,3,207.62,250.38,96.69,40.389999999999986,1,1,1.0
96,4,618.7,251.39,225.30999999999995,115.21000000000004,1,1,1.0
96,5,577.65,268.53,74.40999999999997,36.04000000000002,1,1,0.0
96,6,800.86,246.86,49.049999999999955,32.45999999999998,1,1,0.0
96,3,207.62,250.38,96.69,40.389999999999986,1,1,1.0
97,4,609.7,252.25,226.57999999999993,115.25,1,1,1.0
97,5,564.65,269.27,74.40999999999997,36.04000000000002,1,1,0.0
97,6,795.7,247.72,49.059999999999945,32.46000000000001,1,1,0.0
97,3,207.62,250.38,96.69,40.389999999999986,1,1,1.0
98,4,595.9,253.97,231.35000000000002,116.13000000000002,1,1,1.0
98,5,552.76,269.6,81.13999999999999,36.45999999999998,1,1,0.0
98,6,786.68,247.72,49.05000000000007,32.46000000000001,1,1,0.0
98,3,207.62,250.38,96.69,40.389999999999986,1,1,1.0
99,4,582.6,253.54,236.91999999999996,120.85999999999999,1,1,1.0
99,5,543.48,268.49,81.13,36.44999999999999,1,1,0.0
99,6,769.1,247.29,57.610000000000014,32.46000000000001,1,1,0.0
99,3,207.62,250.38,96.69,40.389999999999986,1,1,1.0
100,4,570.1,256.55,242.97000000000003,122.94999999999999,1,1,1.0
100,5,526.29,268.92,81.13999999999999,36.44999999999999,1,1,0.0
100,6,757.93,248.15,57.610000000000014,32.46000000000001,1,1,0.0
100,3,207.62,250.38,96.69,40.389999999999986,1,1,1.0
101,4,558.1,257.41,246.80999999999995,123.78999999999996,1,1,1.0
101,5,512.11,271.1,93.18999999999994,35.98999999999995,1,1,0.0
101,6,744.61,249.43,57.610000000000014,32.45999999999998,1,1,0.0
101,3,207.62,250.38,96.69,40.389999999999986,1,1,1.0
102,4,544.8,259.55,250.6500000000001,126.34999999999997,1,1,1.0
102,5,497.92,271.5,96.18,36.879999999999995,1,1,0.0
102,6,732.6,249.86,62.74000000000001,32.45999999999998,1,1,0.0
102,3,207.62,250.38,96.69,40.389999999999986,1,1,1.0
103,4,533.2,262.13,253.2299999999999,127.17000000000002,1,1,1.0
103,5,483.74,271.5,98.55999999999995,37.31,1,1,1.0
103,6,721.86,251.15,62.74000000000001,32.46000000000001,1,1,0.0
103,3,207.62,250.38,96.69,40.389999999999986,1,1,1.0
104,4,519.0,263.42,258.83000000000004,128.88,1,1,1.0
104,5,469.56,271.5,100.94,37.74000000000001,1,1,0.0
104,6,710.25,251.15,62.74000000000001,32.46000000000001,1,1,0.0
104,7,947.36,224.21,12.460000000000036,43.83000000000001,1,1,1.0
104,3,207.62,250.38,96.69,40.389999999999986,1,1,1.0
105,4,504.0,263.42,263.95000000000005,130.57999999999998,1,1,1.0
105,5,457.53,272.79,100.94000000000005,37.73999999999995,1,1,0.0
105,6,701.23,251.15,62.74000000000001,32.46000000000001,1,1,0.0
105,7,944.35,221.63,15.449999999999932,47.26999999999998,1,1,1.0
105,3,207.62,250.38,96.69,40.389999999999986,1,1,1.0
106,4,490.7,264.71,268.66,134.49,1,1,1.0
106,5,443.35,272.79,100.93999999999994,37.73999999999995,1,1,0.0
106,6,685.3,251.15,69.21000000000004,32.46000000000001,1,1,0.0
106,7,940.9,214.3,19.100000000000023,55.89999999999998,1,1,1.0
106,3,207.62,250.38,96.69,40.389999999999986,1,1,1.0
107,4,473.7,267.3,277.90000000000003,137.3,1,1,1.0
107,5,429.92,273.78,100.94,37.74000000000001,1,1,1.0
107,6,672.41,252.44,69.21000000000004,32.45999999999998,1,1,0.0
107,7,936.2,213.87,23.799999999999955,56.76999999999998,1,1,1.0
107,3,207.62,250.38,96.69,40.389999999999986,1,1,1.0
108,4,458.5,269.4,282.79999999999995,138.20000000000005,1,1,1.0
108,5,415.51,274.28,100.93000000000006,37.74000000000001,1,1,1.0
108,6,662.09,252.87,69.21999999999991,32.45999999999998,1,1,0.0
108,7,934.1,212.15,25.899999999999977,56.74999999999997,1,1,1.0
108,3,207.62,250.38,96.69,40.389999999999986,1,1,1.0
109,4,446.2,269.8,285.59999999999997,142.5,1,1,1.0
109,5,401.58,274.78,100.94,37.74000000000001,1,1,1.0
109,6,644.9,253.3,76.09000000000003,32.45999999999998,1,1,0.0
109,7,932.4,212.15,27.600000000000023,57.650000000000006,1,1,1.0
109,3,207.62,250.38,96.69,40.389999999999986,1,1,1.0
110,4,426.8,272.8,295.09999999999997,147.59999999999997,1,1,1.0
110,5,386.17,275.77,100.94,37.74000000000001,1,1,1.0
110,6,630.3,255.9,82.10000000000002,31.99999999999997,1,1,0.0
110,7,926.0,212.15,34.0,58.04999999999998,1,1,1.0
110,3,207.62,250.38,96.69,40.389999999999986,1,1,1.0
111,4,411.9,272.8,299.62,152.3,1,1,1.0
111,5,372.25,276.3,105.44999999999999,37.70999999999998,1,1,1.0
111,6,609.2,256.76,89.01999999999998,33.74000000000001,1,1,1.0
111,7,922.1,212.15,37.89999999999998,58.45000000000002,1,1,1.0
111,3,207.62,250.38,96.69,40.389999999999986,1,1,1.0
112,4,392.5,275.4,308.79999999999995,156.3,1,1,1.0
112,5,358.33,277.8,108.97000000000003,38.19999999999999,1,1,1.0
112,6,597.31,257.13,89.0200000000001,33.74000000000001,1,1,1.0
112,7,917.4,212.15,42.60000000000002,58.849999999999994,1,1,1.0
112,3,207.62,250.38,96.69,40.389999999999986,1,1,1.0
113,4,375.6,275.0,315.0,159.10000000000002,1,1,1.0
113,5,343.41,279.79,108.96999999999997,38.19,1,1,1.0
113,6,582.09,257.9,92.30999999999995,34.460000000000036,1,1,0.0
113,7,914.4,212.15,45.60000000000002,57.95000000000002,1,1,1.0
113,3,207.62,250.38,96.69,40.389999999999986,1,1,1.0
114,4,357.2,278.4,322.7,158.70000000000005,1,1,1.0
114,5,329.99,279.79,108.96999999999997,38.19,1,1,1.0
114,6,566.9,257.9,97.10000000000002,37.400000000000034,1,1,0.0
114,7,908.4,212.15,51.60000000000002,59.24999999999997,1,1,1.0
114,3,207.62,250.38,96.69,40.389999999999986,1,1,1.0
115,4,339.3,278.8,329.90000000000003,162.3,1,1,1.0
115,5,315.07,280.78,108.97000000000003,38.200000000000045,1,1,1.0
115,6,556.87,257.9,97.10000000000002,37.400000000000034,1,1,0.0
115,7,903.2,212.15,56.799999999999955,58.849999999999994,1,1,1.0
115,3,207.62,250.38,96.69,40.389999999999986,1,1,1.0
116,4,319.9,279.3,337.9,166.8,1,1,1.0
116,5,298.17,277.8,108.96999999999997,38.19999999999999,1,1,1.0
116,6,542.76,259.01,97.10000000000002,37.400000000000034,1,1,1.0
116,7,899.8,212.15,60.200000000000045,59.24999999999997,1,1,1.0
116,3,207.62,250.38,96.69,40.389999999999986,1,1,1.0
117,4,299.52,281.8,344.38,168.3,1,1,1.0
117,5,282.25,280.78,108.98000000000002,38.200000000000045,1,1,1.0
117,6,526.04,261.24,97.10000000000002,37.39999999999998,1,1,1.0
117,7,895.1,212.15,64.89999999999998,59.650000000000006,1,1,1.0
117,3,207.62,250.38,96.69,40.389999999999986,1,1,1.0
118,4,281.62,283.3,351.88,172.26999999999998,1,1,1.0
118,5,267.83,281.28,108.98000000000002,38.200000000000045,1,1,1.0
118,6,509.7,261.2,100.80000000000001,38.56,1,1,0.0
118,7,886.5,212.15,73.5,62.650000000000006,1,1,1.0
118,3,207.62,250.38,96.69,40.389999999999986,1,1,1.0
119,4,258.25,286.3,363.85,176.22999999999996,1,1,1.0
119,5,253.42,282.27,108.97,38.200000000000045,1,1,1.0
119,6,492.99,263.1,104.90999999999997,39.25999999999999,1,1,0.0
119,7,883.5,212.15,76.5,63.04999999999998,1,1,1.0
119,3,207.62,250.38,96.69,40.389999999999986,1,1,1.0
120,4,240.3,290.28,369.98999999999995,177.72000000000003,1,1,1.0
120,5,237.01,283.27,108.97000000000003,38.200000000000045,1,1,1.0
120,6,479.62,263.8,106.38,40.039999999999964,1,1,0.0
120,7,878.8,213.4,76.90000000000009,61.400000000000006,1,1,1.0
120,3,207.62,250.38,96.69,40.389999999999986,1,1,1.0
121,4,218.0,291.82,379.97,181.57999999999998,1,1,1.0
121,5,221.1,285.26,108.97,38.19,1,1,1.0
121,6,466.25,265.29,106.38,40.039999999999964,1,1,0.0
121,7,871.9,216.4,78.20000000000005,59.70000000000002,1,1,1.0
121,3,207.62,250.38,96.69,40.389999999999986,1,1,1.0
122,4,192.6,291.82,393.04999999999995,188.48000000000002,1,1,1.0
122,5,201.71,287.2,117.89000000000001,37.75,1,1,1.0
122,6,451.76,265.29,106.38,40.039999999999964,1,1,0.0
122,7,868.0,217.7,78.20000000000005,58.400000000000034,1,1,1.0
122,3,207.62,250.38,96.69,40.389999999999986,1,1,1.0
123,4,167.96,298.7,403.8399999999999,190.07,1,1,1.0
123,5,183.81,289.2,120.38999999999999,38.73000000000002,1,1,1.0
123,6,436.91,264.91,106.37999999999994,40.049999999999955,1,1,0.0
123,7,861.55,218.99,78.20000000000005,58.39999999999998,1,1,1.0
123,3,207.62,250.38,96.69,40.389999999999986,1,1,1.0
124,4,142.5,301.01,416.98,192.39,1,1,1.0
124,5,167.4,290.7,123.4,41.710000000000036,1,1,1.0
124,6,422.42,266.0,108.57999999999998,40.81,1,1,1.0
124,7,855.11,219.85,78.19999999999993,58.400000000000006,1,1,1.0
124,3,207.62,250.38,96.69,40.389999999999986,1,1,1.0
125,4,117.1,303.32,427.74,201.68,1,1,1.0
125,5,150.49,291.2,123.40999999999997,42.19999999999999,1,1,1.0
125,6,408.31,266.7,111.19,41.97000000000003,1,1,1.0
125,7,850.81,219.42,78.20000000000005,58.400000000000006,1,1,1.0
125,3,207.62,250.38,96.69,40.389999999999986,1,1,1.0
126,4,88.6,304.86,441.61,204.74,1,1,1.0
126,5,130.6,293.19,123.41,42.19999999999999,1,1,1.0
126,6,391.97,267.8,114.52999999999997,43.099999999999966,1,1,1.0
126,7,844.79,219.8,80.31000000000006,59.31,1,1,1.0
126,3,207.62,250.38,96.69,40.389999999999986,1,1,1.0
127,4,64.0,305.63,455.42999999999995,216.26999999999998,1,1,1.0
127,5,115.69,293.19,123.41,42.19999999999999,1,1,1.0
127,6,380.08,268.5,114.12,45.0,1,1,1.0
127,7,840.5,219.8,80.29999999999995,59.31,1,1,1.0
127,3,207.62,250.38,96.69,40.389999999999986,1,1,1.0
128,4,31.7,307.17,473.1,219.32999999999998,1,1,1.0
128,5,98.29,296.17,123.39999999999999,42.19999999999999,1,1,1.0
128,6,363.74,268.13,114.12,45.0,1,1,1.0
128,7,832.76,220.7,83.34000000000003,58.84000000000003,1,1,1.0
128,3,207.62,250.38,96.69,40.389999999999986,1,1,1.0
129,4,7.1,311.02,482.28999999999996,223.18000000000006,1,1,1.0
129,5,80.39,298.16,123.39999999999999,42.19999999999999,1,1,1.0
129,6,348.51,269.24,114.12,45.0,1,1,1.0
129,7,825.46,221.1,87.24000000000001,58.87000000000003,1,1,1.0
129,3,207.62,250.38,96.69,40.389999999999986,1,1,1.0
130,4,0.0,314.1,473.2,225.49,1,1,1.0
130,5,64.28,299.31,123.4,42.19999999999999,1,1,1.0
130,6,333.29,270.36,114.10999999999996,45.0,1,1,1.0
130,7,818.58,221.96,87.24000000000001,58.869999999999976,1,1,1.0
130,3,207.62,250.38,96.69,40.389999999999986,1,1,1.0
131,4,0.0,319.5,457.8,220.09000000000003,1,1,1.0
131,5,43.57,301.0,126.33000000000001,42.24000000000001,1,1,1.0
131,6,318.43,271.1,114.12,45.0,1,1,1.0
131,7,812.99,223.25,87.25,58.870000000000005,1,1,1.0
131,3,207.62,250.38,96.69,40.389999999999986,1,1,1.0
132,4,0.0,319.5,440.9,220.09000000000003,1,1,1.0
132,5,24.01,302.2,129.79000000000002,42.19,1,1,1.0
132,6,303.2,271.84,114.12,45.0,1,1,1.0
132,7,807.84,223.25,87.24000000000001,58.870000000000005,1,1,1.0
132,3,207.62,250.38,96.69,40.389999999999986,1,1,1.0
133,4,0.0,325.7,427.0,213.89000000000004,1,1,1.0
133,5,5.6,305.08,129.79,42.19,1,1,1.0
133,8,664.87,527.84,76.28999999999996,12.159999999999968,1,1,1.0
133,6,287.23,273.7,118.16999999999996,44.629999999999995,1,1,1.0
133,7,799.24,223.68,87.25,58.860000000000014,1,1,1.0
133,3,207.62,250.38,96.69,40.389999999999986,1,1,1.0
134,4,0.0,328.8,407.7,210.79000000000002,1,1,1.0
134,5,0.42,304.5,118.88,42.76999999999998,1,1,1.0
134,8,680.68,529.0,90.12,11.0,1,1,1.0
134,6,270.52,275.56,118.17000000000002,44.620000000000005,1,1,1.0
134,7,794.09,224.54,87.24000000000001,58.859999999999985,1,1,1.0
134,3,207.62,250.38,96.69,40.389999999999986,1,1,1.0
135,4,0.0,330.3,388.4,209.29000000000002,1,1,1.0
135,5,0.42,305.1,102.78,46.76999999999998,1,1,1.0
135,8,684.8,521.5,110.40000000000009,18.5,1,1,1.0
135,6,255.29,275.56,118.16999999999999,44.620000000000005,1,1,1.0
135,7,785.92,225.83,87.24000000000001,58.859999999999985,1,1,1.0
135,3,207.62,250.38,96.69,40.389999999999986,1,1,1.0
136,4,0.0,334.9,371.5,204.69000000000005,1,1,1.0
136,5,0.42,306.8,82.08,45.06999999999999,1,1,1.0
136,8,689.5,516.8,121.79999999999995,23.200000000000045,1,1,1.0
136,6,239.32,278.2,119.28000000000003,43.84000000000003,1,1,1.0
136,7,779.0,224.54,91.59000000000003,61.46000000000001,1,1,1.0
136,3,207.62,250.38,96.69,40.389999999999986,1,1,1.0
137,4,0.0,335.7,352.2,203.89000000000004,1,1,1.0
137,5,0.42,310.8,62.48,41.06999999999999,1,1,1.0
137,8,702.5,511.0,127.89999999999998,29.0,1,1,1.0
137,6,222.23,280.1,120.37000000000003,44.16999999999996,1,1,1.0
137,7,772.07,224.54,91.57999999999993,61.46000000000001,1,1,1.0
137,3,207.62,250.38,96.69,40.389999999999986,1,1,1.0
138,4,0.0,341.1,331.4,198.49,1,1,1.0
138,5,0.42,310.2,45.78,41.670000000000016,1,1,1.0
138,8,711.7,503.51,129.79999999999995,36.49000000000001,1,1,1.0
138,6,206.63,283.07,120.37,44.170000000000016,1,1,1.0
138,7,765.3,225.18,93.86000000000001,62.71999999999997,1,1,1.0
138,3,207.62,250.38,96.69,40.389999999999986,1,1,1.0
139,4,0.0,344.2,309.1,195.39000000000004,1,1,1.0
139,5,0.42,314.2,26.18,37.670000000000016,1,1,1.0
139,8,718.36,498.2,135.34000000000003,41.52000000000004,1,1,1.0
139,6,187.3,281.21,126.32999999999998,47.19,1,1,1.0
139,7,758.2,225.18,96.14999999999998,64.62,1,1,1.0
139,3,207.62,250.38,96.69,40.389999999999986,1,1,1.0
140,4,0.0,348.1,290.6,191.49,1,1,1.0
140,5,0.42,315.9,9.48,35.97000000000003,1,1,1.0
140,8,725.29,492.7,137.01,47.30000000000001,1,1,1.0
140,6,172.07,283.44,126.32999999999998,47.19,1,1,1.0
140,7,750.82,225.5,96.13999999999999,64.62,1,1,1.0
140,3,207.62,250.38,96.69,40.389999999999986,1,1,1.0
141,4,0.0,352.7,270.6,186.89000000000004,1,1,1.0
141,8,733.34,487.7,136.95999999999992,52.30000000000001,1,1,1.0
141,6,155.73,283.81,126.33000000000001,47.19,1,1,1.0
141,7,743.11,225.5,96.14999999999998,64.62,1,1,1.0
141,3,207.62,250.38,96.69,40.389999999999986,1,1,1.0
142,4,0.0,353.5,247.5,186.09000000000003,1,1,1.0
142,8,744.72,482.2,133.88,57.80000000000001,1,1,1.0
142,6,138.27,284.56,126.33000000000001,47.18000000000001,1,1,1.0
142,7,737.01,226.14,96.14999999999998,64.62,1,1,1.0
142,3,207.62,250.38,96.69,40.389999999999986,1,1,1.0
143,4,0.0,358.1,225.9,181.49,1,1,1.0
143,8,754.98,476.1,131.62,63.620000000000005,1,1,1.0
143,6,122.3,286.79,126.33,47.18000000000001,1,1,1.0
143,7,727.4,227.11,97.73000000000002,64.58999999999997,1,1,1.0
143,3,207.62,250.38,96.69,40.389999999999986,1,1,1.0
144,4,0.0,362.7,202.8,176.89000000000004,1,1,1.0
144,8,766.6,471.4,127.19999999999993,68.60000000000002,1,1,1.0
144,6,101.9,285.3,132.62,53.89999999999998,1,1,1.0
144,7,718.7,227.11,101.29999999999995,65.88999999999999,1,1,1.0
144,3,207.62,250.38,96.69,40.389999999999986,1,1,1.0
145,4,0.0,367.3,177.4,172.29000000000002,1,1,1.0
145,8,775.75,466.7,126.95000000000005,73.30000000000001,1,1,1.0
145,6,88.16,286.04,132.62,53.89999999999998,1,1,1.0
145,7,709.7,227.43,103.55999999999995,66.57,1,1,1.0
145,3,207.62,250.38,96.69,40.389999999999986,1,1,1.0
146,4,0.0,370.4,155.8,169.19000000000005,1,1,1.0
146,8,786.02,461.2,123.38,78.80000000000001,1,1,1.0
146,6,67.73,287.9,132.62,53.900000000000034,1,1,1.0
146,7,702.0,227.43,104.51999999999998,67.57,1,1,1.0
146,3,207.62,250.38,96.69,40.389999999999986,1,1,1.0
147,4,0.0,370.4,128.8,169.19000000000005,1,1,1.0
147,8,795.73,457.6,120.06999999999994,81.84000000000003,1,1,1.0
147,6,48.0,289.38,137.12,54.620000000000005,1,1,1.0
147,7,692.69,227.43,104.51999999999998,67.57,1,1,1.0
147,3,207.62,250.38,96.69,40.389999999999986,1,1,1.0
148,4,0.0,379.6,104.9,159.99,1,1,1.0
148,8,805.44,452.88,120.06999999999994,81.85000000000002,1,1,1.0
148,6,29.1,288.6,141.5,58.0,1,1,1.0
148,7,685.31,228.71,104.5100000000001,67.56999999999996,1,1,1.0
148,3,207.62,250.38,96.69,40.389999999999986,1,1,1.0
149,4,0.0,385.8,79.5,153.79000000000002,1,1,1.0
149,8,814.0,447.61,116.5,81.85000000000002,1,1,1.0
149,6,11.65,291.2,141.95,56.910000000000025,1,1,1.0
149,7,678.57,229.35,104.50999999999999,67.58000000000001,1,1,1.0
149,3,207.62,250.38,96.69,40.389999999999986,1,1,1.0
150,4,0.0,392.0,58.7,147.59000000000003,1,1,1.0
150,8,822.9,443.17,115.10000000000002,81.84999999999997,1,1,1.0
150,6,0.0,293.06,140.23,56.910000000000025,1,1,1.0
150,7,671.18,228.39,104.5200000000001,67.57,1,1,1.0
150,3,207.62,250.38,96.69,40.389999999999986,1,1,1.0
151,4,0.0,398.2,25.6,141.39000000000004,1,1,1.0
151,8,830.7,438.18,111.45999999999992,81.83999999999997,1,1,1.0
151,6,0.0,293.1,119.4,56.870000000000005,1,1,1.0
151,7,659.95,227.75,104.50999999999999,67.57,1,1,1.0
151,3,207.62,250.38,96.69,40.389999999999986,1,1,1.0
152,8,839.0,433.46,110.09000000000003,81.84999999999997,1,1,1.0
152,6,0.0,295.0,101.9,58.69999999999999,1,1,1.0
152,7,649.4,227.75,109.29000000000008,69.85000000000002,1,1,1.0
152,3,207.62,250.38,96.69,40.389999999999986,1,1,1.0
153,8,846.8,428.75,108.12,81.83999999999997,1,1,1.0
153,6,0.0,295.4,85.9,58.30000000000001,1,1,1.0
153,7,639.4,227.75,112.22000000000003,73.05000000000001,1,1,1.0
153,3,207.62,250.38,96.69,40.389999999999986,1,1,1.0
154,8,853.5,423.2,106.5,81.84000000000003,1,1,1.0
154,6,0.0,297.3,68.4,56.39999999999998,1,1,1.0
154,7,630.4,228.71,112.88,72.09,1,1,1.0
154,3,207.62,250.38,96.69,40.389999999999986,1,1,1.0
155,8,861.5,423.2,98.5,77.10000000000002,1,1,1.0
155,6,0.0,299.2,50.9,54.5,1,1,1.0
155,7,620.5,229.35,115.08000000000004,73.35,1,1,1.0
155,3,207.62,250.38,96.69,40.389999999999986,1,1,1.0
156,8,869.5,418.48,90.5,77.12,1,1,1.0
156,6,0.0,300.7,30.8,53.0,1,1,1.0
156,7,611.5,230.96,116.69000000000005,70.43999999999997,1,1,1.0
156,3,207.62,250.38,96.69,40.389999999999986,1,1,1.0
157,8,875.6,414.32,84.39999999999998,76.88,1,1,1.0
157,6,0.0,302.6,14.1,51.099999999999966,1,1,1.0
157,7,600.91,232.24,116.69000000000005,70.44,1,1,1.0
157,3,207.62,250.38,96.69,40.389999999999986,1,1,1.0
158,8,882.5,410.99,77.5,74.70999999999998,1,1,1.0
158,7,592.88,231.28,116.69000000000005,70.44000000000003,1,1,1.0
158,3,207.62,250.38,96.69,40.389999999999986,1,1,1.0
159,8,888.4,408.77,71.60000000000002,71.93,1,1,1.0
159,7,582.61,232.24,116.68999999999994,70.44,1,1,1.0
159,3,207.62,250.38,96.69,40.389999999999986,1,1,1.0
160,8,895.0,404.33,64.72000000000003,70.57,1,1,1.0
160,7,573.3,233.21,116.69000000000005,70.43999999999997,1,1,1.0
160,3,207.62,250.38,96.69,40.389999999999986,1,1,1.0
161,8,901.4,400.45,58.60000000000002,71.65000000000003,1,1,1.0
161,7,562.71,233.5,118.88999999999999,71.43,1,1,1.0
161,3,207.62,250.38,96.69,40.389999999999986,1,1,1.0
162,8,908.1,398.23,51.89999999999998,68.37,1,1,1.0
162,7,553.08,233.82,118.88999999999999,71.43,1,1,1.0
162,3,207.62,250.38,96.69,40.389999999999986,1,1,1.0
163,8,913.4,396.01,46.60000000000002,64.19,1,1,1.0
163,7,544.73,234.14,118.88999999999999,71.43,1,1,1.0
163,3,207.62,250.38,96.69,40.389999999999986,1,1,1.0
164,8,919.2,392.96,40.799999999999955,65.04000000000002,1,1,1.0
164,7,534.46,235.42,118.88999999999999,71.44000000000003,1,1,1.0
164,3,207.62,250.38,96.69,40.389999999999986,1,1,1.0
165,8,924.7,389.9,35.299999999999955,64.80000000000001,1,1,1.0
165,7,517.4,233.82,125.36000000000001,74.68,1,1,1.0
165,3,207.62,250.38,96.69,40.389999999999986,1,1,1.0
166,8,929.4,387.96,30.600000000000023,63.44,1,1,1.0
166,7,506.49,236.39,125.35000000000002,74.68,1,1,1.0
166,3,207.62,250.38,96.69,40.389999999999986,1,1,1.0
167,8,934.4,384.63,25.600000000000023,63.670000000000016,1,1,1.0
167,7,495.25,234.14,125.36000000000001,74.68,1,1,1.0
167,3,207.62,250.38,96.69,40.389999999999986,1,1,1.0
168,8,939.9,382.97,19.82000000000005,60.629999999999995,1,1,1.0
168,7,482.4,236.06,129.86,75.63999999999999,1,1,1.0
168,3,207.62,250.38,96.69,40.389999999999986,1,1,1.0
169,8,945.4,382.97,14.32000000000005,55.329999999999984,1,1,1.0
169,7,472.45,236.06,129.85999999999996,75.63999999999999,1,1,1.0
169,3,207.62,250.38,96.69,40.389999999999986,1,1,1.0
170,8,950.1,392.1,9.620000000000005,41.19999999999999,1,1,1.0
170,7,460.9,236.06,131.14,75.33999999999997,1,1,1.0
170,3,207.62,250.38,96.69,40.389999999999986,1,1,1.0
171,8,954.6,392.1,5.1200000000000045,38.39999999999998,1,1,1.0
171,7,449.34,236.71,131.15000000000003,75.33000000000001,1,1,1.0
171,3,207.62,250.38,96.69,40.389999999999986,1,1,1.0
172,7,439.07,236.71,131.14000000000004,75.33000000000001,1,1,1.0
172,3,207.62,250.38,96.69,40.389999999999986,1,1,1.0
173,7,425.6,237.03,133.38,75.36999999999998,1,1,1.0
173,3,207.62,250.38,96.69,40.389999999999986,1,1,1.0
174,7,414.7,237.67,134.01000000000005,75.72999999999999,1,1,1.0
174,3,207.62,250.38,96.69,40.389999999999986,1,1,1.0
175,7,402.5,238.31,134.01,75.73000000000002,1,1,1.0
175,3,207.62,250.38,96.69,40.389999999999986,1,1,1.0
176,7,392.06,239.31,134.01000000000005,75.73000000000002,1,1,1.0
176,3,207.62,250.38,96.69,40.389999999999986,1,1,1.0
177,7,381.12,241.79,134.01,75.72999999999999,1,1,1.0
177,3,207.62,250.38,96.69,40.389999999999986,1,1,1.0
178,7,370.68,241.29,134.01,75.73999999999998,1,1,1.0
178,3,207.62,250.38,96.69,40.389999999999986,1,1,1.0
179,7,359.74,241.79,134.01,75.72999999999999,1,1,1.0
179,3,207.62,250.38,96.69,40.389999999999986,1,1,1.0
180,7,345.8,241.29,136.51,76.21000000000001,1,1,1.0
180,3,207.62,250.38,96.69,40.389999999999986,1,1,1.0
181,7,335.4,240.3,136.97000000000003,76.19999999999999,1,1,1.0
181,3,207.62,250.38,96.69,40.389999999999986,1,1,1.0
182,7,322.0,241.79,139.43,77.21000000000001,1,1,1.0
182,3,207.62,250.38,96.69,40.389999999999986,1,1,1.0
183,7,311.06,241.29,139.43,77.21000000000001,1,1,1.0
183,3,207.62,250.38,96.69,40.389999999999986,1,1,1.0
184,7,301.61,241.79,139.44,77.21000000000001,1,1,1.0
184,3,207.62,250.38,96.69,40.389999999999986,1,1,1.0
185,7,292.17,243.28,139.43,77.21000000000001,1,1,1.0
185,3,207.62,250.38,96.69,40.389999999999986,1,1,1.0
186,7,280.23,243.78,139.44,77.21000000000001,1,1,1.0
186,3,207.62,250.38,96.69,40.389999999999986,1,1,1.0
187,7,269.29,243.28,139.44,77.21000000000001,1,1,1.0
187,3,207.62,250.38,96.69,40.389999999999986,1,1,1.0
188,7,255.4,242.79,142.39000000000001,79.71000000000001,1,1,1.0
188,3,207.62,250.38,96.69,40.389999999999986,1,1,1.0
189,7,243.96,244.78,142.39000000000001,79.71000000000001,1,1,1.0
189,3,207.62,250.38,96.69,40.389999999999986,1,1,1.0
190,7,231.54,247.26,142.38000000000002,79.71000000000004,1,1,1.0
190,3,207.62,250.38,96.69,40.389999999999986,1,1,1.0
